0 -1


1 -1
1  19  
1  19  31  
1  19  31  57  
1  19  31  57  64  
1  19  31  57  64  64  
1  19  31  57  64  64  64  
1  19  31  57  57  
1  19  31  57  57  64  
1  19  31  57  57  64  64  
1  19  31  57  57  64  64  64  
1  19  31  57  57  64  
1  19  31  57  57  64  64  
1  19  31  35  
1  19  31  35  57  
1  19  31  35  57  64  
1  19  31  35  57  64  64  
1  19  31  35  57  64  


3 -1


6 -1
6  29  
6  29  70  
6  29  70  29  
6  29  70  29  29  


8 -1


11 -1
11  3  
11  3  89  
11  3  89  3  
11  3  89  3  3  


15 -1
15  29  


19 -1


26 -1
26  95  


29 -1


31 -1
31  57  
31  57  64  
31  57  64  64  
31  57  64  64  66  
31  57  64  64  66  66  
31  57  64  
31  57  64  66  


35 -1


57 -1
57  64  
57  64  66  


64 -1


66 -1


70 -1
70  29  


89 -1
89  3  
89  3  8  


95 -1


There are 57 frequent embeded subtrees!

Running Time : 34.554
